1.536435       2.166351      1.296653      3.430126      7.959239      2.989364      
0.3025851      5.039234      8.629209      18.45440      15.84090      2.706716      
0.4477648      4.394676      4.665316      5.686764      3.129193      0.4974900      
0.4347080      1.098463      1.356615      1.328893      0.7112571     0.2304842      
0.2424632      0.5804053     0.8532951     0.5335823     0.2318136     9.6753396E-02
0.1362466      0.3507374     0.4664643     0.2435288     8.5486174E-02 3.1557973E-02  
6.9757007E-02  0.2199577     0.2230225     7.7562012E-02 2.3199007E-02 8.1222681E-03

1.071351      0.2182976      4.8313249E-02 0.1381797     0.2449457     0.1122301      
0.4346558     0.9176297       1.275762       2.702454 2.706613  0.5632158      
0.4631425       4.644083       8.347831      14.09341       8.572077       1.203426      
0.6265292       4.269776      7.413786       12.18701       6.692910       1.218398      
0.4203423      1.662363       3.070693       3.154221       1.785173      0.6461266    
0.2498487      0.7485489       1.312924       1.041870      0.5279026    0.2060194      
0.1695101      0.4926929      0.6254773      0.3546701      0.1398443      5.3345967E-02

6.592149       4.609567      0.8730853      0.7341604      0.6751759    0.1702878       
1.653888       14.55643       4.950212       3.518270    1.122604      0.1532785       
2.416583       19.32762       4.278130    2.557319      0.4713655      7.2638884E-02   
2.470929       5.321743    2.453061       1.339158      0.4243793      0.2055740       
1.345511    2.619479       2.189668      0.7357111      0.1981836      7.7109657E-02
0.6707286       1.382646       1.134341      0.3457681      7.7769771E-02 2.3564549E-02  
0.2669370      0.7870359      0.5156417      9.5912129E-02 1.6739158E-02  5.6629931E-03

0.8039871      3.4382183E-02  5.7870531E-03  1.4146666E-02  3.0991299E-02 1.3050670E-02  
0.3854887      0.1405416      9.7426891E-02  0.1676144    0.1707919      4.3188382E-02  
0.2339945      0.8014539      0.5980944    0.8536163      0.6041699      0.1144069      
0.5080076       2.206808    2.497193       5.659727       3.787658      0.6834352      
0.7061678    4.126025       10.17935       20.09226       10.81631       1.894080    
0.5527017       2.550743       5.197318       5.939087       3.361467    0.9702435      
0.3308296       1.071563       1.419727       1.100782    0.4950581      0.2979158   

3.378068      0.2315921      4.3199956E-02  5.0997909E-02  9.1150351E-02 4.5352250E-02   
3.822251       1.140741      0.5132489      0.3956553    0.2845424      8.4513851E-02   
2.346393       4.693578       1.712036    0.8820065      0.3590385      7.8765854E-02   
4.361661       8.769564    3.921024       2.240479      0.6721869      0.1576584       
4.434155    9.377882       5.559422       2.404798      0.6892008      0.2173296    
3.044784       5.808541       3.674349       1.561604      0.4719752    0.1612522       
1.213750       2.398462       1.517193      0.4470454    0.1317852      5.8716439E-02

36.62144       2.056966      0.2227506      0.1422412      0.1702985   6.4776182E-02   
1.335859       3.003172      0.7084829      0.5478387    0.2978143      7.0244074E-02   
2.280515       3.766375      0.6706800    0.4105571      0.1642409      4.0696442E-02   
2.773786       1.993455    0.8859048      0.5896366      0.2243741      8.2318194E-02   
2.249472    2.029186       1.474880      0.6123062      0.1740908      6.2530249E-02
1.601753       2.028149       1.658922      0.5726417      0.1211807    3.9713327E-02  
0.9118303       2.058079       1.380515      0.2551265    4.2217173E-02  1.8717587E-02

3.317245      0.2425026      9.6809328E-02  0.1107241      0.1318501    9.7643539E-02  
0.7586179      0.4391257      0.2149253      0.2226969    0.1983077      8.8842452E-02  
0.7329656      0.7606837      0.2308194    0.2020794      0.1481942      6.5579571E-02   
1.173424      0.5806293    0.3343672      0.3789324      0.2924010      0.1539664       
1.238773    0.8711846      0.7352906      0.6082543      0.4244544      0.2668860    
1.292732       1.636665       1.679024       1.104019      0.6616806    0.4099588       
1.627047       2.686508       2.202957      0.7518411    0.3945410      0.2776918    

1.957205      7.7307709E-02  9.3234312E-03  9.7635845E-03  1.7372277E-02 8.0616530E-03  
0.3938186      0.1948964      7.3395021E-02  6.7983560E-02 5.6787103E-02  1.6479826E-02  
0.3782893      0.5720163      0.1763550    0.1345943      8.4001176E-02  2.0638913E-02  
0.8938934      0.7334666    0.3736486      0.2768472      0.1529754      4.6553344E-02   
1.724343    1.427894      0.9606213      0.5765511      0.2689040      8.9144677E-02
3.259670       4.434927       3.898859       1.785732      0.4636968    0.1121044       
7.549989       19.12549       7.915260       1.276042    0.2033264      5.6688625E-02

0.9640926      5.4132905E-02  7.4639618E-03  7.4881767E-03  1.3144990E-02 5.2768746E-03  
0.1796668      0.1295114      6.0378660E-02  6.9453053E-02 5.5316430E-02  1.2610449E-02  
0.1240923      0.4590048      0.2179109    0.2019198      0.1034060      1.7740889E-02  
0.2972951      0.5318971    0.4435248      0.4688025      0.2140228      5.3472370E-02  
0.4990801    0.7840027       1.136638      0.9815797      0.4208771      0.1158110    
0.8114877       1.974047       4.873545       4.712258       1.419544    0.2239249       
1.652390       11.36908       29.76487       13.35145    2.212293      0.1851004

1.592801      2.2696795E-02  3.7097090E-03  5.1888931E-03  9.1672409E-03 3.7102678E-03  
0.3241142      0.1124650      5.8060054E-02  5.9459578E-02 4.1605283E-02  1.0067438E-02  
0.2837072      0.5044981      0.2430633    0.1583432      6.4096279E-02  1.2291824E-02  
0.8499786      0.8169609    0.6964070      0.4710285      0.1642724      4.0357985E-02   
1.849640    2.524576       3.695078       2.348036      0.5969461      0.1026864    
2.751341       11.89851       26.77401       9.534658       1.228724    0.1166285       
1.677827       5.651480       4.787479      0.8881292    9.6514896E-02  1.6293867E-02

0.4777208      8.0955336E-03  1.3446462E-03  2.5292777E-03  4.1684723E-03 1.6072596E-03  
0.1803309      3.4972936E-02  2.4018580E-02  3.7510071E-02 2.5888374E-02  5.4064891E-03  
8.2111038E-02  0.1932846      0.1478012    0.1722710      7.1873605E-02  1.0744975E-02  
0.1863036      0.4392166    0.3887961      0.6191436      0.2656904      5.8847800E-02  
0.3490478    1.060341       1.375415       3.540793       1.710529      0.2830743
0.4705105       2.927964       15.78340       37.46948       12.36243    1.011604
0.4126422       2.395311       4.585851       3.142536    0.7410426      0.1939622

0.0000000E+00  0.0000000E+00  0.0000000E+00  0.0000000E+00  0.0000000E+00 0.0000000E+00
0.0000000E+00  0.0000000E+00  0.0000000E+00  0.0000000E+00  0.0000000E+00 0.0000000E+00
0.0000000E+00  0.0000000E+00  0.0000000E+00  0.0000000E+00  0.0000000E+00 0.0000000E+00
0.0000000E+00  0.0000000E+00  0.0000000E+00  0.0000000E+00  0.0000000E+00 0.0000000E+00
0.0000000E+00  0.0000000E+00  0.0000000E+00  0.0000000E+00  0.0000000E+00 0.0000000E+00
0.0000000E+00  0.0000000E+00  0.0000000E+00  0.0000000E+00  0.0000000E+00 0.0000000E+00
0.0000000E+00  0.0000000E+00  0.0000000E+00  0.0000000E+00  0.0000000E+00 0.0000000E+00
